masa_A
t	θ	ω	v
0.000000000E0	2.367620336E-2		
3.333333333E-2	2.627923449E-2	1.027305973E0	3.502933820E-4
6.666666667E-2	9.216326820E-2	9.108871527E-1	2.744697607E-4
1.000000000E-1	8.700504467E-2	5.068263265E-1	2.390624611E-4
1.333333333E-1	1.259516900E-1	-1.025321615E2	2.919880058E-2
1.666666667E-1	-6.748472389E0	-3.420363140E2	9.812473078E-2
2.000000000E-1	-2.267646925E1	-6.024324525E2	1.749192285E-1
2.333333333E-1	-4.691063589E1	-7.485732075E2	2.185823072E-1
2.666666667E-1	-7.258134975E1	-9.232777641E2	2.701918120E-1
3.000000000E-1	-1.084624868E2	-9.695082866E2	2.820954959E-1
3.333333333E-1	-1.372152355E2	-6.434153302E2	1.826979665E-1
3.666666667E-1	-1.513568422E2	-6.025266549E2	1.707537160E-1
4.000000000E-1	-1.773836792E2	-7.871239778E2	2.001923551E-1
4.333333333E-1	-2.038317740E2	-7.417747560E2	1.909676245E-1
4.666666667E-1	-2.268353296E2	-7.319598336E2	1.894465649E-1
5.000000000E-1	-2.526290963E2	-8.854478320E2	2.324563452E-1
5.333333333E-1	-2.858651851E2	-1.246685364E3	3.032396233E-1
5.666666667E-1	-3.357414539E2	-1.180746983E3	3.059817492E-1
6.000000000E-1	-3.645816506E2	-8.467896491E2	2.302395887E-1
6.333333333E-1	-3.921940972E2	-8.342081820E2	2.342086218E-1
6.666666667E-1	-4.201955294E2	-8.000005338E2	2.297366775E-1
7.000000000E-1	-4.455274661E2	-7.494563056E2	2.111361872E-1
7.333333333E-1	-4.701592831E2	-1.035779725E3	2.940535196E-1
7.666666667E-1	-5.145794478E2	-8.079304666E2	2.122129591E-1
8.000000000E-1	-5.240213142E2	-5.407527315E2	1.548897378E-1
8.333333333E-1	-5.506296299E2	-7.889454644E2	2.046815972E-1
8.666666667E-1	-5.766176785E2	-7.631242533E2	1.994252928E-1
9.000000000E-1	-6.015045801E2	-1.034863781E3	2.583867623E-1
9.333333333E-1	-6.456085972E2	-1.162568740E3	2.905501386E-1
9.666666667E-1	-6.790091628E2	-9.697394674E2	2.456926169E-1
1.000000000E0	-7.102578950E2	-8.977708661E2	2.406466971E-1
1.033333333E0	-7.388605538E2	-8.165691547E2	2.247318470E-1
1.068333333E0	-7.660567873E2	-7.920882228E2	2.263598039E-1
1.101666667E0	-7.929865824E2	-7.712418159E2	2.172353652E-1
1.135000000E0	-8.174729083E2	-7.602632500E2	2.124092970E-1
1.168333333E0	-8.436707991E2	-8.178606101E2	2.195115395E-1
1.201666667E0	-8.719969490E2	-8.198385718E2	2.144925522E-1
1.235000000E0	-8.983267038E2	-7.876753666E2	2.060977620E-1
1.268333333E0	-9.245086401E2	-7.959033909E2	2.084957381E-1
1.301666667E0	-9.513869299E2	-9.096061195E2	2.298105904E-1
1.335000000E0	-9.851490481E2	-1.063882986E3	2.641810639E-1
1.368333333E0	-1.022312462E3	-1.062764537E3	2.607914729E-1
1.401666667E0	-1.056000017E3	-9.441959963E2	2.419194107E-1
1.435000000E0	-1.085258862E3	-8.469347131E2	2.281359797E-1
1.468333333E0	-1.112462331E3	-8.421011378E2	2.341068621E-1
1.501666667E0	-1.141398938E3	-8.043072987E2	2.279683204E-1
1.535000000E0	-1.166082818E3	-7.527161683E2	2.112952954E-1
1.568333333E0	-1.191580016E3	-7.742571328E2	2.146790380E-1
1.601666667E0	-1.217699960E3	-8.133292778E2	2.174088888E-1
1.635000000E0	-1.245801968E3	-8.096793157E2	2.136041069E-1
1.668333333E0	-1.271678581E3	-7.825776360E2	2.064013796E-1
1.701666667E0	-1.297973810E3	-8.448269051E2	2.164127414E-1
1.735000000E0	-1.328000375E3	-1.014679518E3	2.512299056E-1
1.768333333E0	-1.365619111E3	-1.089808572E3	2.649084513E-1
1.801666667E0	-1.400654280E3	-1.000183822E3	2.494701212E-1
1.835000000E0	-1.432298033E3	-8.919233014E2	2.357488208E-1
1.868333333E0	-1.460115833E3	-8.432789056E2	2.305076719E-1
1.901666667E0	-1.488516626E3	-8.081036978E2	2.286952611E-1
1.935000000E0	-1.513989413E3	-7.732381839E2	2.157985996E-1
1.968333333E0	-1.540065839E3	-7.614090274E2	2.123087510E-1
2.001666667E0	-1.564750015E3	-7.903782945E2	2.138368193E-1
2.035000000E0	-1.592757725E3	-8.105819647E2	2.151668605E-1
2.068333333E0	-1.618788812E3	-7.807283464E2	2.079756688E-1
2.101666667E0	-1.644806281E3	-8.012971649E2	2.091789902E-1
2.135000000E0	-1.672208623E3	-9.167415791E2	2.320313102E-1
2.168333333E0	-1.705922387E3	-1.061574106E3	2.587817724E-1
2.201666667E0	-1.742980231E3	-1.018168238E3	2.497123893E-1
2.235000000E0	-1.773800269E3	-8.975138689E2	2.429159031E-1
2.268333333E0	-1.802814488E3	-9.166944468E2	2.614411388E-1
2.301666667E0	-1.834913232E3	-9.093242553E2	2.771042978E-1
2.335000000E0	-1.863436106E3	-8.616245300E2	2.714036302E-1
2.368333333E0	-1.892354868E3	-8.756665433E2	2.716270577E-1
2.401666667E0	-1.921813875E3	-8.606720990E2	2.661008916E-1
2.435000000E0	-1.949733008E3	-8.201518768E2	2.447847721E-1
2.468333333E0	-1.976490667E3	-8.173760961E2	2.318886725E-1
2.501666667E0	-2.004224747E3	-8.046678641E2	2.249186350E-1
2.535000000E0	-2.030135191E3	-5.500360704E2	1.423825479E-1
2.568333333E0	-2.040893819E3	-9.018610473E2	2.127256520E-1
2.601666667E0	-2.090259261E3	-1.264019586E3	2.423241124E-1
2.635000000E0	-2.125161791E3	-8.292823953E2	2.481985418E-1
2.668333333E0	-2.145544754E3	-7.685712611E2	2.392232440E-1
2.701666667E0	-2.176399875E3	-8.735242553E2	3.040587433E-1
2.735000000E0	-2.203779704E3	-8.660945080E2	2.906302427E-1
2.768333333E0	-2.234139509E3	-8.961208052E2	3.037012342E-1
2.801666667E0	-2.263521091E3	-8.893201834E2	2.809230478E-1
2.835000000E0	-2.293427521E3	-8.796847825E2	2.704583794E-1
2.868333333E0	-2.322166744E3	-8.372549043E2	2.535519990E-1
2.901666667E0	-2.349244515E3	-8.121943394E2	2.421917011E-1
2.935000000E0	-2.376313033E3	-1.718876117E3	4.294458640E-1
2.968333333E0	-2.463836256E3	-7.567014769E2	2.062124642E-1
3.001666667E0	-2.426759798E3	1.976344000E2	8.443866869E-2
3.035000000E0	-2.450660629E3	-8.370073360E2	2.205609088E-1
3.068333333E0	-2.482560287E3	-1.122890158E3	3.315840899E-1
3.101666667E0	-2.525519973E3	-1.027389000E3	2.936073483E-1
3.135000000E0	-2.551052887E3	-8.184681829E2	2.320901488E-1
3.168333333E0	-2.580084519E3	-8.147617943E2	2.396838512E-1
3.201666667E0	-2.605370340E3	-7.155232860E2	2.045729008E-1
3.235000000E0	-2.627786071E3	-6.221434237E2	1.779361319E-1
3.268333333E0	-2.646846568E3	-4.897015269E2	1.336361573E-1
3.301666667E0	-2.660432840E3	-3.253921531E2	8.670604594E-2
3.336666667E0	-2.669081699E3	-1.670879251E2	4.443990647E-2
3.370000000E0	-2.671850515E3	-4.092837808E1	1.080777439E-2
3.403333333E0	-2.671810257E3	1.905783714E0	5.096830953E-4
3.436666667E0	-2.671723462E3	1.414058759E0	3.978841762E-4
3.470000000E0	-2.671715987E3		
