masa_A
t	θ	ω
0.000000000E0	8.484470581E-3	
3.333333333E-2	-5.686111739E-4	-5.599659574E1
6.666666667E-2	-3.724621912E0	-3.723396853E2
1.000000000E-1	-2.482321430E1	-7.186405651E2
1.333333333E-1	-5.163399292E1	-7.697304786E2
1.666666667E-1	-7.613857954E1	-7.710288922E2
2.000000000E-1	-1.030359191E2	-8.398112135E2
2.333333333E-1	-1.321259938E2	-8.640599648E2
2.666666667E-1	-1.606399167E2	-8.885084971E2
3.000000000E-1	-1.913598936E2	-9.054377409E2
3.333333333E-1	-2.210024328E2	-8.917724139E2
3.666666667E-1	-2.508113878E2	-8.891928558E2
4.000000000E-1	-2.802819565E2	-1.093944201E3
4.333333333E-1	-3.237410012E2	-1.128197763E3
4.666666667E-1	-3.554951407E2	-9.380730664E2
5.000000000E-1	-3.862792057E2	-9.062439006E2
5.333333333E-1	-4.159114007E2	-8.837347406E2
5.666666667E-1	-4.451948550E2	-8.900874725E2
6.000000000E-1	-4.752505656E2	-9.073112519E2
6.333333333E-1	-5.056822718E2	-9.114106031E2
6.666666667E-1	-5.360112724E2	-9.185079859E2
7.000000000E-1	-5.669161376E2	-8.986748272E2
7.333333333E-1	-5.959229276E2	-8.851599364E2
7.666666667E-1	-6.259268000E2	-9.183960222E2
8.000000000E-1	-6.571493291E2	-9.844799513E2
8.333333333E-1	-6.915587967E2	-1.024566583E3
8.666666667E-1	-7.254537680E2	-9.763772505E2
9.000000000E-1	-7.566506134E2	-9.620585066E2
9.333333333E-1	-7.895910017E2	-9.332025300E2
9.666666667E-1	-8.188641154E2	-8.620173039E2
1.000000000E0	-8.470588220E2	-8.818174283E2
1.033333333E0	-8.776519440E2	-9.093055195E2
1.066666667E0	-9.076791900E2	-8.636645858E2
1.101666667E0	-9.366690240E2	-8.450660992E2
1.135000000E0	-9.654253734E2	-8.616841458E2
1.168333333E0	-9.941146337E2	-9.010175765E2
1.201666667E0	-1.025493212E3	-1.023387115E3
1.235000000E0	-1.062340441E3	-1.063473731E3
1.268333333E0	-1.096391461E3	-9.765035878E2
1.301666667E0	-1.127440681E3	-9.236488235E2
1.335000000E0	-1.157968049E3	-8.714830518E2
1.368333333E0	-1.185539551E3	-8.489406914E2
1.401666667E0	-1.214564095E3	-8.621376415E2
1.435000000E0	-1.243015393E3	-8.605129168E2
1.468333333E0	-1.271931623E3	-8.709309178E2
1.501666667E0	-1.301077455E3	-8.826494023E2
1.535000000E0	-1.330774916E3	-8.869395914E2
1.568333333E0	-1.360206761E3	-9.801365536E2
1.601666667E0	-1.396117353E3	-1.073075659E3
1.635000000E0	-1.431745138E3	-1.021011435E3
1.668333333E0	-1.464184782E3	-9.467859832E2
1.701666667E0	-1.494864204E3	-8.851824999E2
1.735000000E0	-1.523196949E3	-8.348487508E2
1.768333333E0	-1.550520787E3	-8.484027856E2
1.801666667E0	-1.579757134E3	-8.567779260E2
1.835000000E0	-1.607639315E3	-8.747107246E2
1.868333333E0	-1.638071183E3	-9.094867805E2
1.901666667E0	-1.668271767E3	-8.921490486E2
1.935000000E0	-1.697547786E3	-9.066420709E2
1.968333333E0	-1.728714572E3	-1.006406587E3
2.001666667E0	-1.764641558E3	-1.030086213E3
2.035000000E0	-1.797386986E3	-9.514892498E2
2.068333333E0	-1.828074175E3	-9.244107952E2
2.101666667E0	-1.859014373E3	-9.056184043E2
2.135000000E0	-1.888448735E3	-8.724097447E2
2.168333333E0	-1.917175022E3	-8.474378799E2
2.201666667E0	-1.944944594E3	-8.675979801E2
2.235000000E0	-1.975014888E3	-8.940903043E2
2.268333333E0	-2.004550614E3	-8.898090134E2
2.301666667E0	-2.034335489E3	-8.936296003E2
2.335000000E0	-2.064125921E3	-9.091149396E2
2.368333333E0	-2.094943151E3	-9.765661749E2
2.401666667E0	-2.129230333E3	-1.033950587E3
2.435000000E0	-2.163873190E3	-9.943946395E2
2.468333333E0	-2.195523309E3	-9.485909608E2
2.501666667E0	-2.227112588E3	-9.081919141E2
2.535000000E0	-2.256069436E3	-8.262691924E2
2.568333333E0	-2.282197201E3	-7.325918539E2
2.601666667E0	-2.304908893E3	-6.205145264E2
2.635000000E0	-2.323564836E3	-5.071932241E2
2.668333333E0	-2.338721775E3	-3.859719609E2
2.701666667E0	-2.349296300E3	-2.388263189E2
2.735000000E0	-2.354643529E3	-9.535973833E1
2.768333333E0	-2.355653616E3	-1.643772193E1
2.801666667E0	-2.355739377E3	-1.941070779E0
2.835000000E0	-2.355783020E3	
